## type 3
1 994035 2 1 1 12
1 994035 2 1 4 12
1 994049 1 1 1 29
1 994050 1 1 1 36
1 994050 1 1 4 36
1 994082 1 2 1 7
1 994082 1 3 1 7
1 994090 1 3 1 16
1 994116 2 3 1 2
1 994117 1 2 1 16
1 994117 1 4 1 16
1 994196 2 2 1 15
1 994213 2 1 1 30
1 994234 2 1 1 35
1 994234 2 1 4 35
1 994230 2 1 1 4
1 994230 2 1 4 4
1 994230 2 2 1 11
1 994230 2 3 1 11
1 994250 2 1 1 24
1 994250 2 1 4 24
1 994255 1 2 1 15
1 994293 2 3 2 16
1 994316 2 1 1 34
1 994316 2 1 4 34
1 994328 1 1 1 18
1 994328 1 1 4 18
1 994335 2 1 1 7
1 994335 2 1 4 7
1 994331 2 4 1 15
1 994338 1 2 1 18
1 994341 1 1 2 4
1 994356 1 1 1 18
1 994356 1 1 4 18
1 994380 2 1 1 33
1 994380 2 1 4 33
1 994402 1 1 1 11
1 994402 1 1 4 11
1 994411 2 4 1 14
1 994404 1 1 1 3
1 994431 1 2 1 14
1 994431 1 3 1 14
1 994445 2 2 2 1
1 994487 2 1 1 22
1 994495 1 2 1 12
1 994509 1 1 1 12
1 994509 1 1 4 12
1 994548 2 1 1 12
1 994548 2 1 4 12
1 994548 2 2 1 6
1 994548 2 3 1 6
1 994548 2 4 1 6
1 994566 1 1 1 16
1 994566 1 1 4 16
1 994573 1 2 1 11
1 994589 1 1 1 16
1 994588 1 2 1 16
1 994620 2 1 1 3
1 994620 2 2 1 2
1 994643 1 2 1 18
1 994653 1 1 2 14
1 994665 1 1 1 12
1 994663 1 1 1 23
1 994669 1 1 1 22
1 994669 1 1 4 22
1 994676 1 2 1 2
1 994691 2 2 1 12
1 994696 2 2 1 16
1 994700 1 1 2 20
1 994709 1 1 1 9
1 994709 1 1 4 9
1 994796 1 1 1 15
1 994796 1 1 4 15
1 994801 1 1 1 13
1 994801 1 1 4 13
1 994803 2 1 1 19
1 994803 2 2 1 10
1 994803 2 3 1 10
1 994826 2 1 1 18
1 994826 2 1 4 18
1 994827 1 1 1 24
1 994827 1 1 4 24
1 994827 1 1 1 7
1 994821 1 1 1 35
1 994821 1 4 1 18
1 994871 2 2 1 17
1 994876 1 1 1 5
1 994876 1 1 4 5
1 994914 1 1 1 3
1 994926 1 1 1 25
1 994926 1 1 4 25
1 994958 1 4 2 5
