## run eventnumber endcap station ring chamber
1 3798 1 1 1 4
1 3798 1 1 1 9
1 3798 1 1 1 21
1 3798 1 1 1 25
1 3798 1 1 1 26
1 3798 1 1 1 28
1 3798 2 1 1 8
1 3798 2 1 1 15
1 3798 2 1 1 19
1 3798 2 1 1 24
1 3798 2 1 1 25
1 3798 2 1 1 26
1 3798 2 1 1 27
1 3798 2 1 1 28
1 3798 2 1 1 31
1 3798 2 1 1 35
1 3798 2 1 2 35
1 3798 2 2 1 18
1 3798 2 3 1 18
1 3798 2 4 1 18
1 3797 1 1 1 4
1 3797 1 1 1 9
1 3797 1 1 1 10
1 3797 1 1 1 11
1 3797 1 1 1 20
1 3797 1 1 1 21
1 3797 1 1 1 31
1 3797 1 1 2 3
1 3797 1 2 1 2
1 3797 1 3 1 18
1 3797 2 1 1 7
1 3797 2 1 1 8
1 3797 2 1 1 11
1 3797 2 1 1 12
1 3797 2 1 1 13
1 3797 2 1 1 30
1 3797 2 1 1 36
1 3797 2 3 1 3
1 3797 2 4 1 3
1 3805 1 1 1 6
1 3805 1 1 1 11
1 3805 1 1 1 16
1 3805 1 1 1 18
1 3805 1 1 1 21
1 3805 1 1 1 23
1 3805 1 1 1 28
1 3805 1 1 1 30
1 3805 1 2 1 10
1 3805 2 1 1 31
1 3805 2 1 1 33
1 3805 2 2 1 15
1 3796 1 1 1 1
1 3796 1 1 1 3
1 3796 1 1 1 17
1 3796 1 1 1 25
1 3796 1 1 1 28
1 3796 1 1 1 32
1 3796 1 1 1 34
1 3796 1 2 1 7
1 3796 1 2 1 8
1 3796 1 2 2 7
1 3796 2 1 1 5
1 3796 2 1 1 7
1 3796 2 1 1 12
1 3796 2 1 1 13
1 3796 2 1 1 19
1 3796 2 1 1 25
1 3796 2 1 1 26
1 3796 2 1 1 28
1 3796 2 2 1 15
1 3796 2 3 1 10
1 3802 1 1 1 4
1 3802 1 1 1 17
1 3802 1 1 1 19
1 3802 1 1 1 24
1 3802 1 1 1 27
1 3802 1 1 1 30
1 3802 1 1 1 35
1 3802 1 2 1 2
1 3802 1 2 1 10
1 3802 1 3 1 2
1 3802 2 1 1 6
1 3802 2 1 1 13
1 3802 2 1 1 20
1 3802 2 1 1 23
1 3802 2 1 1 30
1 3802 2 1 1 32
1 3802 2 2 1 18
1 3802 2 3 1 17
1 3803 1 1 1 5
1 3803 1 1 1 6
1 3803 1 1 1 9
1 3803 1 1 1 17
1 3803 1 1 1 19
1 3803 1 1 1 20
1 3803 1 1 1 27
1 3803 1 2 1 3
1 3803 1 2 1 9
1 3803 1 4 1 9
1 3803 2 1 1 1
1 3803 2 1 1 5
1 3803 2 1 1 8
1 3803 2 1 1 13
1 3803 2 1 1 20
1 3803 2 1 1 21
1 3803 2 1 1 23
1 3803 2 1 1 32
1 3803 2 1 1 33
1 3803 2 1 1 36
1 3803 2 1 2 9
1 3803 2 1 2 24
1 3803 2 2 1 2
1 3803 2 2 1 3
1 3803 2 2 1 17
1 3803 2 2 2 9
1 3803 2 3 1 2
1 3803 2 3 2 9
1 3803 2 4 1 3
1 3803 2 4 2 9
1 3803 2 4 2 10
1 3800 1 1 1 1
1 3800 1 1 1 4
1 3800 1 1 1 5
1 3800 1 1 1 12
1 3800 1 1 1 13
1 3800 1 1 1 16
1 3800 1 1 1 19
1 3800 1 1 1 25
1 3800 1 1 1 27
1 3800 1 1 1 28
1 3800 1 1 1 35
1 3800 1 2 1 8
1 3800 1 2 1 12
1 3800 1 2 1 13
1 3800 1 2 1 18
1 3800 1 3 1 8
1 3800 1 3 1 12
1 3800 1 3 1 18
1 3800 1 4 1 8
1 3800 1 4 1 12
1 3800 2 1 1 1
1 3800 2 1 1 2
1 3800 2 1 1 3
1 3800 2 1 1 4
1 3800 2 1 1 11
1 3800 2 1 1 18
1 3800 2 1 1 19
1 3800 2 1 1 26
1 3800 2 2 1 2
1 3800 2 2 1 10
1 3800 2 3 1 2
1 3800 2 3 1 10
1 3800 2 4 1 2
1 3801 1 1 1 1
1 3801 1 1 1 2
1 3801 1 1 1 8
1 3801 1 1 1 9
1 3801 1 1 1 10
1 3801 1 1 1 13
1 3801 1 1 1 14
1 3801 1 1 1 18
1 3801 1 1 1 23
1 3801 1 1 1 25
1 3801 1 2 1 2
1 3801 1 2 1 7
1 3801 1 2 1 17
1 3801 1 3 1 2
1 3801 1 4 1 7
1 3801 2 1 1 6
1 3801 2 1 1 7
1 3801 2 1 1 11
1 3801 2 1 1 14
1 3801 2 1 1 21
1 3801 2 1 1 22
1 3801 2 1 1 24
1 3801 2 1 1 26
1 3801 2 1 1 27
1 3801 2 1 1 30
1 3801 2 1 1 31
1 3801 2 1 1 34
1 3801 2 2 1 3
1 3801 2 2 1 5
1 3801 2 3 1 16
1 3801 2 4 1 16
1 3799 1 1 1 3
1 3799 1 1 1 4
1 3799 1 1 1 5
1 3799 1 1 1 9
1 3799 1 1 1 11
1 3799 1 1 1 14
1 3799 1 1 1 15
1 3799 1 1 1 23
1 3799 1 1 1 27
1 3799 1 1 1 30
1 3799 1 1 1 31
1 3799 1 1 1 36
1 3799 1 1 2 10
1 3799 1 2 1 7
1 3799 2 1 1 6
1 3799 2 1 1 7
1 3799 2 1 1 9
1 3799 2 1 1 15
1 3799 2 1 1 17
1 3799 2 1 1 19
1 3799 2 1 1 21
1 3799 2 1 1 22
1 3799 2 1 1 24
1 3799 2 1 1 26
1 3799 2 1 1 31
1 3799 2 1 1 33
1 3799 2 1 2 4
1 3799 2 2 1 9
1 3799 2 3 1 8
1 3799 2 3 1 12
1 3799 2 4 1 4
1 3799 2 4 1 9
1 3799 2 4 1 12
1 3808 1 1 1 7
1 3808 1 1 1 10
1 3808 1 1 1 13
1 3808 1 1 1 16
1 3808 1 1 1 17
1 3808 1 1 1 25
1 3808 1 1 1 26
1 3808 1 1 1 27
1 3808 1 1 2 29
1 3808 1 2 1 4
1 3808 1 2 1 6
1 3808 1 2 1 13
1 3808 1 2 2 29
1 3808 1 3 1 6
1 3808 1 3 1 13
1 3808 1 3 2 29
1 3808 1 4 1 8
1 3808 2 1 1 17
1 3808 2 1 1 24
1 3808 2 1 1 32
1 3808 2 1 2 29
1 3808 2 1 2 30
1 3808 2 2 1 14
1 3808 2 3 2 30
1 3808 2 4 2 30
