## run eventnumber endcap station ring chamber
1 3805 1 1 1 11
1 3805 1 1 1 16
1 3805 1 1 1 18
1 3805 1 1 1 21
1 3805 1 1 1 23
1 3805 1 1 1 28
1 3805 1 1 1 30
1 3796 1 1 1 1
1 3796 1 1 1 3
1 3796 1 1 1 17
1 3796 1 1 1 25
1 3796 1 1 1 28
1 3796 1 1 1 32
1 3796 1 1 1 34
1 3802 1 1 1 4
1 3802 1 1 1 17
1 3802 1 1 1 19
1 3802 1 1 1 24
1 3802 1 1 1 27
1 3802 1 1 1 30
1 3802 1 1 1 35
1 3803 1 1 1 5
1 3803 1 1 1 6
1 3803 1 1 1 9
1 3803 1 1 1 17
1 3803 1 1 1 19
1 3803 1 1 1 20
1 3803 1 1 1 27
1 3800 1 1 1 1
1 3800 1 1 1 4
1 3800 1 1 1 5
1 3800 1 1 1 12
1 3800 1 1 1 13
1 3800 1 1 1 16
1 3800 1 1 1 19
1 3800 1 1 1 25
1 3800 1 1 1 27
1 3800 1 1 1 28
1 3800 1 1 1 35
1 3801 1 1 1 1
1 3801 1 1 1 2
1 3801 1 1 1 8
1 3801 1 1 1 9
1 3801 1 1 1 10
1 3801 1 1 1 13
1 3801 1 1 1 14
1 3801 1 1 1 18
1 3801 1 1 1 23
1 3801 1 1 1 25
1 3799 1 1 1 3
1 3799 1 1 1 4
1 3799 1 1 1 5
1 3799 1 1 1 9
1 3799 1 1 1 11
1 3799 1 1 1 14
1 3799 1 1 1 15
1 3799 1 1 1 23
1 3799 1 1 1 27
1 3799 1 1 1 30
1 3799 1 1 1 31
1 3799 1 1 1 36
1 3808 1 1 1 7
1 3808 1 1 1 10
1 3808 1 1 1 13
1 3808 1 1 1 16
1 3808 1 1 1 17
1 3808 1 1 1 25
1 3808 1 1 1 26
1 3808 1 1 1 27