## type 0
1 994016 2 1 1 30
1 994019 2 1 1 12
1 994049 1 1 1 29
1 994049 1 1 1 12
1 994085 2 1 1 18
1 994090 1 1 1 31
1 994105 2 1 1 3
1 994117 1 1 1 30
1 994136 2 1 2 9
1 994168 1 1 1 22
1 994213 2 1 1 30
1 994211 2 1 1 2
1 994237 2 1 1 31
1 994236 1 1 1 36
1 994240 1 1 1 35
1 994263 2 1 1 26
1 994301 2 1 1 32
1 994317 2 1 1 8
1 994335 2 1 1 7
1 994331 2 1 1 30
1 994352 2 1 1 32
1 994358 2 1 1 28
1 994411 2 1 1 27
1 994404 1 1 1 3
1 994422 1 1 1 6
1 994431 1 1 1 27
1 994459 2 1 1 17
1 994487 2 1 1 22
1 994481 2 1 1 8
1 994509 1 1 1 34
1 994553 2 1 1 14
1 994552 1 1 1 21
1 994589 1 1 1 16
1 994594 2 1 1 9
1 994598 2 1 1 3
1 994620 2 1 1 3
1 994665 1 1 1 12
1 994665 1 1 1 29
1 994663 1 1 1 23
1 994682 1 1 1 30
1 994757 1 1 1 20
1 994758 1 1 1 36
1 994791 1 1 1 4
1 994803 2 1 1 19
1 994827 1 1 1 7
1 994819 2 1 1 16
1 994831 1 1 1 36
1 994821 1 1 1 35
1 994847 2 1 1 8
1 994852 1 1 1 22
1 994884 1 1 1 14
1 994914 1 1 1 3
1 994932 2 1 1 27
1 994929 2 1 1 15
1 994962 1 1 1 12
1 994995 1 1 1 25
## type 1
