## type 1
1 994019 1 1 2 1
1 994055 2 1 2 32
1 994055 2 4 2 32
1 994082 1 1 1 14
1 994082 1 1 4 14
1 994090 1 2 1 16
1 994123 1 1 2 25
1 994196 2 1 1 29
1 994196 2 1 4 29
1 994196 2 3 1 15
1 994215 1 3 2 8
1 994230 2 1 1 21
1 994230 2 1 4 21
1 994255 1 3 2 10
1 994255 1 4 2 10
1 994293 2 3 2 33
1 994286 1 1 2 30
1 994286 1 4 2 30
1 994317 2 2 1 4
1 994317 2 3 1 4
1 994317 2 4 1 4
1 994320 2 1 2 28
1 994331 2 1 1 30
1 994331 2 2 1 15
1 994331 2 3 1 15
1 994355 2 2 1 18
1 994355 2 3 1 18
1 994377 1 1 1 30
1 994377 1 1 4 30
1 994377 1 4 2 30
1 994398 2 1 1 17
1 994398 2 1 4 17
1 994402 1 4 1 6
1 994408 1 4 2 10
1 994409 1 2 2 30
1 994409 1 4 2 30
1 994431 1 1 1 27
1 994481 2 1 1 8
1 994481 2 1 4 8
1 994495 1 1 1 23
1 994495 1 1 4 23
1 994691 2 1 1 24
1 994691 2 1 4 24
1 994701 2 1 1 5
1 994701 2 1 4 5
1 994758 1 1 1 36
1 994778 2 1 1 17
1 994778 2 1 4 17
1 994795 1 2 1 1
1 994791 1 1 1 4
1 994797 1 4 2 14
1 994812 2 1 1 34
1 994812 2 1 4 34
1 994816 2 1 2 6
1 994838 1 1 1 27
1 994838 1 1 4 27
1 994847 2 1 1 8
1 994847 2 3 1 4
1 994848 1 1 2 28
1 994876 1 1 2 5
1 994910 1 4 2 27
1 994932 2 1 1 27
1 994932 2 1 4 27
1 994988 1 2 2 10
1 994995 1 3 1 13
## type 2