1 994001 1 1 1 2
1 994001 1 1 1 7
1 994001 1 1 1 10
1 994001 1 1 1 12
1 994001 1 1 1 13
1 994001 1 1 1 19
1 994001 1 1 1 21
1 994001 1 1 1 23
1 994001 1 1 1 25
1 994001 1 1 1 28
1 994001 1 1 1 31
1 994001 1 1 1 34
1 994001 1 1 2 33
1 994001 1 2 1 12
1 994001 1 2 1 13
1 994001 1 3 1 12
1 994001 2 1 1 2
1 994001 2 1 1 9
1 994001 2 1 1 10
1 994001 2 1 1 14
1 994001 2 1 1 15
1 994001 2 1 1 20
1 994001 2 1 1 23
1 994001 2 1 1 25
1 994001 2 1 1 26
1 994001 2 1 1 27
1 994001 2 1 1 31
1 994001 2 1 1 34
1 994001 2 1 1 35
1 994001 2 2 1 1
1 994001 2 2 1 6
1 994001 2 2 1 13
1 994001 2 3 1 1
1 994001 2 3 1 6
1 994001 2 3 1 8
1 994001 2 4 1 1
1 994001 2 4 1 5
1 994001 2 4 1 6
1 994001 2 4 1 8
1 994005 1 1 1 2
1 994005 1 1 1 9
1 994005 1 1 1 12
1 994005 1 1 1 14
1 994005 1 1 1 15
1 994005 1 1 1 21
1 994005 1 1 1 22
1 994005 1 1 1 30
1 994005 1 1 2 22
1 994005 1 2 1 11
1 994005 1 2 1 15
1 994005 2 1 1 1
1 994005 2 1 1 11
1 994005 2 1 1 14
1 994005 2 1 1 16
1 994005 2 1 1 24
1 994005 2 1 1 25
1 994005 2 1 1 27
1 994005 2 1 1 32
1 994005 2 1 1 33
1 994005 2 1 1 35
1 994005 2 1 1 36
1 994005 2 1 2 26
1 994005 2 2 1 5
1 994005 2 2 2 26
1 994005 2 3 1 5
1 994005 2 3 1 6
1 994005 2 3 2 26
1 994005 2 4 1 6
1 994005 2 4 2 26